The Song's Beats Sequence: 122 BPM
  Columns 1 through 10

    7.1147    7.6373    8.1600    8.6400    9.1307    9.6320   10.1333   10.6240   11.1147   11.6267

  Columns 11 through 20

   12.1280   12.6293   13.1200   13.6107   14.0800   14.5813   15.0507   15.5307   16.0320   16.5227

Song Beats - each colomn is one chunk of 5 seconds interval:
  Columns 1 through 10

    7.1147   12.1280   17.0027   21.8347   26.5920   31.3813   36.1920   40.9920   45.8133   50.7413
    7.6373   12.6293   17.4933   22.3147   27.0720   31.8613   36.6827   41.4827   46.2933   51.2533
    8.1600   13.1200   17.9733   22.7840   27.5520   32.3413   37.1520   41.9520   46.7733   51.7440
    8.6400   13.6107   18.4533   23.2427   28.0213   32.8107   37.6427   42.4427   47.2640   52.2560
    9.1307   14.0800   18.9227   23.7440   28.4907   33.2907   38.1120   42.9333   47.7440   52.7680
    9.6320   14.5813   19.4240   24.2240   28.9707   33.7600   38.6027   43.4240   48.2347   53.2587
   10.1333   15.0507   19.9147   24.7040   29.4507   34.1867   39.0827   43.8933   48.7147   53.7707
   10.6240   15.5307   20.3947   25.1840   29.9307   34.7200   39.5627   44.3733   49.2160   54.2720
   11.1147   16.0320   20.8747   25.6427   30.4000   35.2107   40.0427   44.8533   49.6960   54.7627
   11.6267   16.5227   21.3547   26.1227   30.9120   35.7120   40.5227   45.3333   50.2187   55.2533

  Columns 11 through 20

   55.7227   60.6293   65.4720   70.4320   75.5307   80.6187   85.5680   90.4747   95.3280  100.1813
   56.2240   61.1093   65.9840   70.9120   76.0320   81.1200   86.0587   90.9547   95.8187  100.6720
   56.7040   61.5787   66.4533   71.4027   76.5333   81.6107   86.5493   91.4347   96.3093  101.1307
   57.1947   62.0907   66.9547   71.9147   77.0453   82.1227   87.0400   91.9253   96.7893  101.6427
   57.6533   62.5600   67.4560   72.4267   77.5467   82.6133   87.5307   92.3840   97.2693  102.1227
   58.1547   63.0613   67.9573   72.9280   78.0693   83.1253   88.0107   92.8853   97.7493  102.6027
   58.6347   63.5307   68.4587   73.4613   78.5813   83.5947   88.5120   93.3653   98.2507  103.0933
   59.1253   64.0427   68.9493   73.9840   79.0827   84.0960   89.0133   93.8560   98.7413  103.5627
   59.6267   64.5333   69.4293   74.4960   79.5840   84.5973   89.4827   94.3360   99.2107  104.0427
   60.1600   65.0240   69.9307   75.0080   80.1067   85.0880   89.9520   94.8373   99.7013  104.5120

  Columns 21 through 30

  104.9493  109.8880  114.6880  119.4773  124.4587  129.3867  134.3573  139.2640  144.0960  149.0133
  105.5040  110.3680  115.1573  119.9573  124.9813  129.8773  134.8267  139.7333  144.6080  149.5147
  106.0053  110.8480  115.6373  120.4480  125.4720  130.3680  135.3173  140.2347  145.0880  149.9840
  106.4853  111.3280  116.1173  120.9600  125.9627  130.9013  135.7973  140.7253  145.5893  150.4960
  106.9867  111.8080  116.5973  121.4507  126.4427  131.3920  136.2880  141.2267  146.0907  150.9653
  107.4667  112.2987  117.0773  121.9520  126.9547  131.8933  136.7680  141.6960  146.6027  151.4667
  107.9360  112.7573  117.5573  122.4533  127.4453  132.3947  137.2480  142.1867  147.0933  151.9467
  108.4267  113.2587  118.0267  122.9440  127.9253  132.8747  137.7387  142.6667  147.5840  152.4373
  108.9067  113.7280  118.5067  123.4453  128.4267  133.3760  138.2293  143.1467  148.0853  152.9067
  109.3973  114.2080  119.0080  123.9573  128.9067  133.8560  138.7627  143.6373  148.5440  153.3973

  Columns 31 through 40

  153.8880  158.9120  163.6053  168.6400  173.5040  178.3360  183.2000  188.0640  192.9600  197.7920
  154.4000  159.4347  164.0747  169.1307  173.9947  178.8160  183.6693  188.5547  193.4400  198.2613
  154.9120  159.9360  164.5867  169.6213  174.4747  179.3067  184.1707  189.0453  193.9413  198.7413
  155.3920  160.3947  165.0987  170.1120  174.9547  179.7653  184.6507  189.5360  194.4107  199.2107
  155.8720  160.8533  165.6107  170.5920  175.4027  180.2773  185.1200  190.0160  194.9013  199.6693
  156.3733  161.3120  166.1227  171.0827  175.9040  180.7573  185.6213  190.4960  195.3813  200.1813
  156.8747  161.7707  166.6347  171.5733  176.3947  181.2587  186.1120  190.9867  195.8613  200.6720
  157.3760  162.2293  167.1467  172.0533  176.8747  181.7387  186.5920  191.4453  196.3413  201.1520
  157.8773  162.6880  167.6480  172.5333  177.3547  182.2293  187.0933  191.9680  196.8213  201.6000
  158.3893  163.1467  168.1493  173.0240  177.8453  182.7200  187.5733  192.4693  197.3013  202.1013

Cadence - 134 SPM, noisy with std = 5 SPM
  Columns 1 through 10

    6.4679   10.9290   15.4753   19.9685   24.5127   29.0139   33.4451   38.0034   42.4730   46.8733
    6.9137   11.3902   15.9251   20.4222   24.9657   29.4393   33.8904   38.4515   42.9044   47.3196
    7.3354   11.8301   16.3920   20.8692   25.4295   29.8734   34.3619   38.8936   43.3515   47.7451
    7.7975   12.2687   16.8686   21.2986   25.9064   30.3440   34.7876   39.3477   43.7858   48.2095
    8.2501   12.7525   17.3188   21.7650   26.3748   30.8158   35.2258   39.8100   44.2260   48.6485
    8.6910   13.2192   17.7523   22.2128   26.8160   31.2439   35.6981   40.2726   44.6710   49.0768
    9.1292   13.6708   18.2004   22.6693   27.2827   31.6899   36.1818   40.7290   45.1071   49.5001
    9.5789   14.1191   18.6338   23.1261   27.7054   32.1166   36.6267   41.1557   45.5494   49.9569
   10.0310   14.5770   19.0964   23.6017   28.1385   32.5642   37.0836   41.5986   45.9845   50.4078
   10.4839   15.0196   19.5299   24.0443   28.5871   33.0077   37.5461   42.0274   46.4231   50.8373

  Columns 11 through 20

   51.2923   55.8534   60.2783   64.7895   69.2963   73.7957   78.2737   82.7056   87.1344   91.6555
   51.7354   56.2935   60.7383   65.2663   69.7286   74.2235   78.7202   83.1259   87.5954   92.1319
   52.2153   56.7296   61.1919   65.7132   70.1803   74.6892   79.1575   83.5803   88.0379   92.5975
   52.6755   57.1703   61.6501   66.1472   70.6105   75.1498   79.6053   84.0146   88.4799   93.0514
   53.1271   57.6304   62.0972   66.6029   71.0819   75.5767   80.0694   84.4626   88.9490   93.4650
   53.5798   58.0864   62.5224   67.0411   71.5314   76.0168   80.5275   84.9050   89.3941   93.9136
   54.0299   58.5295   62.9965   67.4768   71.9783   76.4672   80.9533   85.3549   89.8737   94.3927
   54.4747   58.9573   63.4802   67.9199   72.4321   76.9127   81.3597   85.7945   90.3025   94.8404
   54.9387   59.3755   63.8999   68.3850   72.9112   77.3681   81.7927   86.2460   90.7466   95.2447
   55.4001   59.8287   64.3166   68.8456   73.3269   77.8187   82.2482   86.6991   91.1993   95.6647

  Columns 21 through 30

   96.1145  100.5620  105.1046  109.5601  113.9694  118.3869  122.8220  127.2295  131.6249  136.1220
   96.5667  100.9967  105.5505  110.0231  114.4168  118.8398  123.2413  127.6379  132.0626  136.5754
   97.0138  101.4443  105.9857  110.4790  114.8637  119.2893  123.6818  128.0917  132.4877  137.0139
   97.4526  101.9227  106.4314  110.9147  115.3219  119.7290  124.1346  128.5032  132.9273  137.4612
   97.9028  102.3510  106.8923  111.3364  115.7631  120.1763  124.5872  128.9402  133.3979  137.8898
   98.3229  102.8364  107.3040  111.7892  116.1898  120.6136  124.9970  129.4120  133.8547  138.3532
   98.7693  103.2875  107.7303  112.2056  116.6563  121.0797  125.4365  129.8621  134.2995  138.8106
   99.2106  103.7764  108.1866  112.6407  117.0624  121.5097  125.8967  130.3021  134.7170  139.2647
   99.6321  104.2241  108.6364  113.1046  117.5168  121.9326  126.3432  130.7348  135.2270  139.6982
  100.0833  104.6696  109.0852  113.5457  117.9634  122.3899  126.7820  131.1847  135.6890  140.1263

  Columns 31 through 40

  140.5580  145.0886  149.5375  153.9879  158.4087  162.8071  167.2862  171.6815  176.1204  180.6074
  141.0219  145.5454  149.9871  154.4236  158.8388  163.2557  167.7548  172.1194  176.5619  181.0293
  141.4857  146.0213  150.4173  154.8857  159.2612  163.6819  168.1738  172.5775  177.0148  181.4883
  141.9473  146.4677  150.8660  155.3378  159.7045  164.1797  168.6236  173.0515  177.4477  181.9138
  142.3809  146.8828  151.3451  155.7759  160.1550  164.6192  169.0589  173.4951  177.8994  182.3502
  142.8681  147.2973  151.7512  156.2262  160.6180  165.0733  169.4949  173.9100  178.3411  182.8041
  143.3213  147.7245  152.1971  156.6547  161.0565  165.4914  169.9325  174.3614  178.7901  183.2706
  143.7658  148.1826  152.6367  157.1150  161.4975  165.9584  170.3833  174.8135  179.2338  183.7233
  144.2346  148.6348  153.0950  157.5378  161.9505  166.3866  170.8249  175.2507  179.6876  184.2070
  144.6664  149.0794  153.5719  157.9751  162.3718  166.8374  171.2628  175.6805  180.1332  184.6487

Mean Phase Error (in ms):
   682

Optimal speed-up for each chunk:
  Columns 1 through 10

    1.1083    1.1041    1.0926    1.0909    1.0802    1.0803    1.0819    1.0785    1.0798    1.0852

  Columns 11 through 20

    1.0852    1.0856    1.0869    1.0878    1.0914    1.0935    1.0929    1.0938    1.0935    1.0926

  Columns 21 through 30

    1.0930    1.0924    1.0908    1.0909    1.0926    1.0935    1.0942    1.0949    1.0952    1.0948

  Columns 31 through 40

    1.0948    1.0951    1.0947    1.0951    1.0952    1.0951    1.0951    1.0952    1.0956    1.0950

Mean Phase Error - After L1 minimization (in ms):
    31

